global_step=2410
beta=1.3656454808718177
lr_multiplier=0.4444444444444444
